%YAML:1.0
# General sensor definitions.
camera_id: left_cam








# Sensor extrinsics wrt. the body-frame.
T_BS:
 cols: 4
 rows: 4
 # data: [ 0.0,  0.0, 1.0, 0.002,
 #      -1.0,  0.0, 0.0, 0.0152,
 #       0.0, -1.0, 0.0, 0.0017,
 #       0.0,  0.0, 0.0, 1.0]
 data: [-0.01155918, -0.00865423,  0.99989574,  0.0021902,
       -0.99988854, -0.0093498,  -0.01164002,  0.01519092,
         0.00944956, -0.99991884, -0.00854519,  0.00153914,
         0.,          0.,          0.,          1.        ]
#  data: [1.0, 0.0, 0.0, 0.0,
#         0.0, 1.0, 0.0, -0.04,
#         0.0, 0.0, 1.0, 0.0,
#         0.0, 0.0, 0.0, 1.0]
#  data: [  0.0067962,  0.9999644, -0.0050000, 0.002,
#    0.0012376,  0.0049917,  0.9999868, 0.023,
#    0.9999762, -0.0068023, -0.0012037, 0.0,
#    0.0, 0.0, 0.0, 1.0]




#  data: [0.999975, 0.006980, -0.000890, -0.002000,
#       -0.006984, 0.999963, -0.005046, -0.023061,
#       0.000854, 0.005052, 0.999987, 0.000217,
#       0.000000, 0.000000, 0.000000, 1.000000]








# Camera specific definitions.
rate_hz: 60
resolution: [640, 360]
camera_model: pinhole
intrinsics: [338.28546142578125, 338.28546142578125, 320.6593933105469, 182.6080322265625]
# intrinsics: [338.28546142578125,  320.6593933105469, 338.28546142578125, 182.6080322265625]
distortion_model: plumb_bob
distortion_coefficients: [0.0, 0.0, 0.0, 0.0, 0.0]













