%YAML:1.0
# General sensor definitions.
camera_id: right_cam


# Sensor extrinsics wrt. the body-frame.
T_BS:
 cols: 4
 rows: 4
 # data: [ 0.0,  0.0, 1.0,  0.002,
 #      -1.0,  0.0, 0.0, -0.0448,
 #       0.0, -1.0, 0.0,  0.0017,
 #       0.0,  0.0, 0.0,  1.0]
 data: [-0.01155918, -0.00865423,  0.99989574,  0.00149665,
       -0.99988854, -0.0093498,  -0.01164002,  -0.04480239,
         0.00944956, -0.99991884, -0.00854519,  0.00210611,
         0.,          0.,          0.,          1.        ]
#  data: [ 1.0,  0.0, 0.0,  0.0,
#         0.0,  1.0, 0.0, 0.04,
#          0.0, 0.0, 1.0,  0.0,
#          0.0,  0.0, 0.0,  1.0]
#  data: [  0.0067962,  0.9999644, -0.0050000, 0.003,
#    0.0012376,  0.0049917,  0.9999868, -0.97,
#    0.9999762, -0.0068023, -0.0012037, 0.0,
#    0.0, 0.0, 0.0, 1.0]



# Camera specific definitions.
rate_hz: 60
resolution: [672, 376]
camera_model: pinhole
intrinsics: [349.4775085449219, 349.4775085449219, 332.6549987792969, 187.1227569580078]
# intrinsics: [338.28546142578125,  320.6593933105469, 338.28546142578125, 182.6080322265625]
distortion_model: radtan
distortion_coefficients: [-0.17226199805736542, 0.025458699092268944, 0.0, 0.0, 0.0]
